MAP_NUM_ROWS=20
MAP_NUM_COLS=30
MAX_NUM_MOVING_OBJECTS=9
ARRAY_WALLS=[(0,5);(0,11);(0,13);(0,15);(1,1);(1,3);(1,4);(1,5);(1,6);(1,7);(1,9);(1,10);(1,11);(1,13);(1,15);(2,7);(2,9);(2,13);(2,15);(3,0);(3,1);(3,2);(3,3);(3,7);(3,9);(3,12);(3,13);(3,15);(3,16);(3,18);(3,19);(4,3);(4,4);(4,5);(4,9);(4,10);(4,16);(4,18);(5,0);(5,1);(5,3);(5,12);(5,13);(5,14);(5,15);(5,16);(6,1);(6,3);(6,6);(6,7);(6,8);(6,9);(6,10);(6,12);(6,18);(7,1);(7,3);(7,6);(7,10);(7,12);(7,18);(8,1);(8,3);(8,6);(8,10);(8,14);(8,18);(9,1);(9,6);(9,8);(9,13);(9,14);(9,16);(9,17);(9,18);(10,6);(10,8);(10,13);(10,16);(11,1);(11,3);(11,6);(11,7);(11,8);(11,9);(11,10);(11,11);(11,13);(11,16);(11,19);(12,1);(12,3);(12,13);(13,0);(13,1);(13,3);(13,4);(13,5);(13,8);(13,11);(13,12);(13,13);(13,15);(13,16);(13,17);(13,18);(14,5);(14,8);(14,11);(14,13);(14,16);(15,1);(15,2);(15,3);(15,7);(15,8);(15,9);(15,11);(15,13);(15,16);(16,3);(16,5);(16,6);(16,7);(16,11);(16,15);(16,16);(16,18);(17,3);(17,5);(17,7);(17,9);(17,11);(17,12);(17,13);(17,18);(18,1);(18,2);(18,3);(18,5);(18,7);(18,16);(18,17);(18,18);(18,19);(19,5);(19,9);(19,13);(19,14);]
ARRAY_FAKE_WALLS=[]
SHERLOCK_MOVING_RULE=DRULL
SHERLOCK_INIT_POS=(2,0)
SHERLOCK_INIT_HP=190
SHERLOCK_INIT_EXP=300
WATSON_MOVING_RULE=DUDU
WATSON_INIT_POS=(4,1)
WATSON_INIT_HP=400
WATSON_INIT_EXP=300
CRIMINAL_INIT_POS=(11,4)
NUM_STEPS=1
